A	B	Sum	Carry_out
255	255	254	1
254	255	253	1
255	255	254	1
254	255	253	1
252	255	251	1
248	255	247	1
240	255	239	1
208	255	207	1
144	255	143	1
16	255	15	1
0	255	255	0
0	127	127	0
0	63	63	0
0	31	31	0
0	63	63	0
0	55	55	0
0	53	53	0
0	52	52	0
0	48	48	0
0	16	16	0
0	0	0	0
1	0	1	0
1	1	2	0
1	3	4	0
1	11	12	0
1	27	28	0
1	31	32	0
1	63	64	0
1	31	32	0
1	63	64	0
1	127	128	0
1	255	0	1
1	127	128	0
1	255	0	1
3	255	2	1
7	255	6	1
15	255	14	1
31	255	30	1
63	255	62	1
127	255	126	1
255	255	254	1
253	255	252	1
237	255	236	1
229	255	228	1
165	255	164	1
165	247	156	1
165	215	124	1
165	213	122	1
165	221	130	1
164	221	129	1
160	221	125	1
128	221	93	1
0	221	221	0
0	253	253	0
0	255	255	0
1	255	0	1
0	255	255	0
128	255	127	1
192	255	191	1
224	255	223	1
232	255	231	1
236	255	235	1
232	255	231	1
233	255	232	1
235	255	234	1
239	255	238	1
255	255	254	1
